7 is true
2 is false
3 is false
4 is true
5 is true
6 is true
1 is true
8 is true
9 is true
10 is false
11 is true
12 is true
13 is true
14 is true
15 is true
Router ID: 7
1 10.0 7
2 10.0 7
3 10.0 7
4 10.0 7
5 10.0 7
6 10.0 7
7 0.0 7
8 10.0 7
9 10.0 7
10 10.0 7
11 10.0 7
12 10.0 7
13 10.0 7
14 1.0 14
15 1.0 15
Router ID: 2
Router ID: 3
Router ID: 4
1 10.0 4
2 10.0 4
3 10.0 4
4 0.0 4
5 10.0 4
6 10.0 4
7 10.0 4
8 1.0 8
9 1.0 9
10 10.0 4
11 10.0 4
12 10.0 4
13 10.0 4
14 10.0 4
15 10.0 4
Router ID: 5
1 10.0 5
2 10.0 5
3 10.0 5
4 10.0 5
5 0.0 5
6 3.0 11
7 10.0 5
8 10.0 5
9 10.0 5
10 10.0 5
11 1.0 11
12 2.0 11
13 4.0 11
14 10.0 5
15 10.0 5
Router ID: 6
1 10.0 6
2 10.0 6
3 10.0 6
4 10.0 6
5 3.0 12
6 0.0 6
7 10.0 6
8 10.0 6
9 10.0 6
10 10.0 6
11 2.0 12
12 1.0 12
13 1.0 13
14 10.0 6
15 10.0 6
Router ID: 1
1 0.0 1
2 10.0 1
3 10.0 1
4 10.0 1
5 10.0 1
6 10.0 1
7 10.0 1
8 10.0 1
9 10.0 1
10 10.0 1
11 10.0 1
12 10.0 1
13 10.0 1
14 10.0 1
15 10.0 1
Router ID: 8
1 10.0 8
2 10.0 8
3 10.0 8
4 1.0 4
5 10.0 8
6 10.0 8
7 10.0 8
8 0.0 8
9 2.0 4
10 10.0 8
11 10.0 8
12 10.0 8
13 10.0 8
14 10.0 8
15 10.0 8
Router ID: 9
1 10.0 9
2 10.0 9
3 10.0 9
4 1.0 4
5 10.0 9
6 10.0 9
7 10.0 9
8 2.0 4
9 0.0 9
10 10.0 9
11 10.0 9
12 10.0 9
13 10.0 9
14 10.0 9
15 10.0 9
Router ID: 10
Router ID: 11
1 10.0 11
2 10.0 11
3 10.0 11
4 10.0 11
5 1.0 5
6 2.0 12
7 10.0 11
8 10.0 11
9 10.0 11
10 10.0 11
11 0.0 11
12 1.0 12
13 3.0 12
14 10.0 11
15 10.0 11
Router ID: 12
1 10.0 12
2 10.0 12
3 10.0 12
4 10.0 12
5 2.0 11
6 1.0 6
7 10.0 12
8 10.0 12
9 10.0 12
10 10.0 12
11 1.0 11
12 0.0 12
13 2.0 6
14 10.0 12
15 10.0 12
Router ID: 13
1 10.0 13
2 10.0 13
3 10.0 13
4 10.0 13
5 4.0 6
6 1.0 6
7 10.0 13
8 10.0 13
9 10.0 13
10 10.0 13
11 3.0 6
12 2.0 6
13 0.0 13
14 10.0 13
15 10.0 13
Router ID: 14
1 10.0 14
2 10.0 14
3 10.0 14
4 10.0 14
5 10.0 14
6 10.0 14
7 1.0 7
8 10.0 14
9 10.0 14
10 10.0 14
11 10.0 14
12 10.0 14
13 10.0 14
14 0.0 14
15 2.0 7
Router ID: 15
1 10.0 15
2 10.0 15
3 10.0 15
4 10.0 15
5 10.0 15
6 10.0 15
7 1.0 7
8 10.0 15
9 10.0 15
10 10.0 15
11 10.0 15
12 10.0 15
13 10.0 15
14 2.0 7
15 0.0 15
