------------ Case 1: ------------ 
-> Misplaced : 
2 3 0 6 
1 5 8 4 
13 10 7 11 
14 9 15 12 

2 3 6 0 
1 5 8 4 
13 10 7 11 
14 9 15 12 

2 3 6 4 
1 5 8 0 
13 10 7 11 
14 9 15 12 

2 3 6 4 
1 5 0 8 
13 10 7 11 
14 9 15 12 

2 3 0 4 
1 5 6 8 
13 10 7 11 
14 9 15 12 

2 0 3 4 
1 5 6 8 
13 10 7 11 
14 9 15 12 

0 2 3 4 
1 5 6 8 
13 10 7 11 
14 9 15 12 

1 2 3 4 
0 5 6 8 
13 10 7 11 
14 9 15 12 

1 2 3 4 
5 0 6 8 
13 10 7 11 
14 9 15 12 

1 2 3 4 
5 6 0 8 
13 10 7 11 
14 9 15 12 

1 2 3 4 
5 6 7 8 
13 10 0 11 
14 9 15 12 

1 2 3 4 
5 6 7 8 
13 0 10 11 
14 9 15 12 

1 2 3 4 
5 6 7 8 
13 9 10 11 
14 0 15 12 

1 2 3 4 
5 6 7 8 
13 9 10 11 
0 14 15 12 

1 2 3 4 
5 6 7 8 
0 9 10 11 
13 14 15 12 

1 2 3 4 
5 6 7 8 
9 0 10 11 
13 14 15 12 

1 2 3 4 
5 6 7 8 
9 10 0 11 
13 14 15 12 

1 2 3 4 
5 6 7 8 
9 10 11 0 
13 14 15 12 

1 2 3 4 
5 6 7 8 
9 10 11 12 
13 14 15 0 

Cost : 18
Nodes expanded : 234
-> Manhattan : 
2 3 0 6 
1 5 8 4 
13 10 7 11 
14 9 15 12 

2 3 6 0 
1 5 8 4 
13 10 7 11 
14 9 15 12 

2 3 6 4 
1 5 8 0 
13 10 7 11 
14 9 15 12 

2 3 6 4 
1 5 0 8 
13 10 7 11 
14 9 15 12 

2 3 0 4 
1 5 6 8 
13 10 7 11 
14 9 15 12 

2 0 3 4 
1 5 6 8 
13 10 7 11 
14 9 15 12 

0 2 3 4 
1 5 6 8 
13 10 7 11 
14 9 15 12 

1 2 3 4 
0 5 6 8 
13 10 7 11 
14 9 15 12 

1 2 3 4 
5 0 6 8 
13 10 7 11 
14 9 15 12 

1 2 3 4 
5 6 0 8 
13 10 7 11 
14 9 15 12 

1 2 3 4 
5 6 7 8 
13 10 0 11 
14 9 15 12 

1 2 3 4 
5 6 7 8 
13 0 10 11 
14 9 15 12 

1 2 3 4 
5 6 7 8 
13 9 10 11 
14 0 15 12 

1 2 3 4 
5 6 7 8 
13 9 10 11 
0 14 15 12 

1 2 3 4 
5 6 7 8 
0 9 10 11 
13 14 15 12 

1 2 3 4 
5 6 7 8 
9 0 10 11 
13 14 15 12 

1 2 3 4 
5 6 7 8 
9 10 0 11 
13 14 15 12 

1 2 3 4 
5 6 7 8 
9 10 11 0 
13 14 15 12 

1 2 3 4 
5 6 7 8 
9 10 11 12 
13 14 15 0 

Cost : 18
Nodes expanded : 33
